# sessid of processed observations
1192460462
1192527542
1192546862
1192633262
1192719662
1192441383
1192355222
1192374062
1192806062
1192892462
1192978862
1193065262
1193151662
1193238062
1193324462
1193410862
1193497262
1193583662
1193758938
1193842862
1193929262
1194015662
1194102062
1194188462
1194274863
1194361262
1194447662
1194534062
1194620462
1194681362
1194706862
1194767527
1194793262
1194806147
1195484463
1195414266
1195657262
1195583677
1195743662
1195830062
1195916462
1196002862
1196089262
1196175662
1196262062
1196434862
1196348462
1196349106
1196521262
1196371010
1196694062
1196607662
1196628922
1196780462
1196866862
1196953262
1197039662
1197126062
1197212462
1197298862
1197385262
